events <- list(
  "AAVE" = list(
    c("2020-10-18", "2021-11-10"), # 2020-2021 crypto bull market into Nov 2021 peak
    c("2022-05-07", "2022-07-31"), # May 2022 Terra collapse and contagion across crypto
    c("2022-11-02", "2022-12-31"), # Nov 2022 FTX collapse / Chapter 11 filing (Nov 11)
    c("2024-01-10", "2024-03-31")  # Jan 2024 spot Bitcoin ETP approval catalyst for market
  ),
  "ALGO" = list(
    c("2020-10-18", "2021-11-10"),
    c("2022-05-07", "2022-07-31"),
    c("2022-11-02", "2022-12-31"),
    c("2024-01-10", "2024-03-31")
  ),
  "AVAX" = list(
    c("2020-10-18", "2021-11-10"),
    c("2022-05-07", "2022-07-31"),
    c("2022-11-02", "2022-12-31"),
    c("2024-01-10", "2024-03-31")
  ),
  "BNB" = list(
    c("2020-10-18", "2021-11-10"),
    c("2022-05-07", "2022-07-31"),
    c("2022-11-02", "2022-12-31"),
    c("2024-01-10", "2024-03-31")
  ),
  "BCH" = list(
    c("2020-10-18", "2021-11-10"),
    c("2022-05-07", "2022-07-31"),
    c("2022-11-02", "2022-12-31"),
    c("2024-01-10", "2024-03-31")
  ),
  "BTC" = list(
    c("2020-10-18", "2021-11-10"), # 2020-2021 bull market into Nov 2021 ATH era
    c("2022-05-07", "2022-07-31"), # May 2022 Terra collapse and crypto credit unwind
    c("2022-11-02", "2022-12-31"), # Nov 2022 FTX collapse / Chapter 11 filing (Nov 11)
    c("2024-01-10", "2024-03-31")  # Jan 10, 2024 SEC approved spot Bitcoin ETPs
  ),
  "BGB" = list(
    c("2020-10-18", "2021-11-10"),
    c("2022-05-07", "2022-07-31"),
    c("2022-11-02", "2022-12-31"),
    c("2024-01-10", "2024-03-31")
  ),
  "ADA" = list(
    c("2020-10-18", "2021-11-10"),
    c("2022-05-07", "2022-07-31"),
    c("2022-11-02", "2022-12-31"),
    c("2024-01-10", "2024-03-31")
  ),
  "LINK" = list(
    c("2020-10-18", "2021-11-10"),
    c("2022-05-07", "2022-07-31"),
    c("2022-11-02", "2022-12-31"),
    c("2024-01-10", "2024-03-31")
  ),
  "CRO" = list(
    c("2020-10-18", "2021-11-10"),
    c("2022-05-07", "2022-07-31"),
    c("2022-11-02", "2022-12-31"),
    c("2024-01-10", "2024-03-31")
  ),
  "DOGE" = list(
    c("2020-10-18", "2021-11-10"),
    c("2022-05-07", "2022-07-31"),
    c("2022-11-02", "2022-12-31"),
    c("2024-01-10", "2024-03-31")
  ),
  "ETC" = list(
    c("2020-10-18", "2021-11-10"),
    c("2022-09-15", "2022-12-31"), # ETH Merge shifted PoW mining economics (spillover to PoW coins)
    c("2022-11-02", "2022-12-31"),
    c("2024-01-10", "2024-03-31")
  ),
  "ETH" = list(
    c("2020-10-18", "2021-11-10"),
    c("2022-05-07", "2022-07-31"),
    c("2022-09-15", "2022-12-31"), # The Merge completed on Sep 15, 2022
    c("2022-11-02", "2022-12-31"),
    c("2024-01-10", "2024-03-31")
  ),
  "FIL" = list(
    c("2020-10-18", "2021-11-10"),
    c("2022-05-07", "2022-07-31"),
    c("2022-11-02", "2022-12-31"),
    c("2024-01-10", "2024-03-31")
  ),
  "GT" = list(
    c("2020-10-18", "2021-11-10"),
    c("2022-05-07", "2022-07-31"),
    c("2022-11-02", "2022-12-31"),
    c("2024-01-10", "2024-03-31")
  ),
  "HBAR" = list(
    c("2020-10-18", "2021-11-10"),
    c("2022-05-07", "2022-07-31"),
    c("2022-11-02", "2022-12-31"),
    c("2024-01-10", "2024-03-31")
  ),
  "KCS" = list(
    c("2020-10-18", "2021-11-10"),
    c("2022-05-07", "2022-07-31"),
    c("2022-11-02", "2022-12-31"),
    c("2024-01-10", "2024-03-31")
  ),
  "LTC" = list(
    c("2020-10-18", "2021-11-10"),
    c("2022-05-07", "2022-07-31"),
    c("2022-11-02", "2022-12-31"),
    c("2024-01-10", "2024-03-31")
  ),
  "XMR" = list(
    c("2020-10-18", "2021-11-10"),
    c("2022-05-07", "2022-07-31"),
    c("2022-11-02", "2022-12-31"),
    c("2024-01-10", "2024-03-31")
  ),
  "NEAR" = list(
    c("2020-10-18", "2021-11-10"),
    c("2022-05-07", "2022-07-31"),
    c("2022-11-02", "2022-12-31"),
    c("2024-01-10", "2024-03-31")
  ),
  "OKB" = list(
    c("2020-10-18", "2021-11-10"),
    c("2022-05-07", "2022-07-31"),
    c("2022-11-02", "2022-12-31"),
    c("2024-01-10", "2024-03-31")
  ),
  "DOT" = list(
    c("2020-10-18", "2021-11-10"),
    c("2022-05-07", "2022-07-31"),
    c("2022-11-02", "2022-12-31"),
    c("2024-01-10", "2024-03-31")
  ),
  "QNT" = list(
    c("2020-10-18", "2021-11-10"),
    c("2022-05-07", "2022-07-31"),
    c("2022-11-02", "2022-12-31"),
    c("2024-01-10", "2024-03-31")
  ),
  "RNDR" = list(
    c("2020-10-18", "2021-11-10"),
    c("2022-05-07", "2022-07-31"),
    c("2022-11-02", "2022-12-31"),
    c("2024-01-10", "2024-03-31")
  ),
  "XRP" = list(
    c("2020-10-18", "2021-11-10"),
    c("2022-05-07", "2022-07-31"),
    c("2022-11-02", "2022-12-31"),
    c("2024-01-10", "2024-03-31")
  ),
  "SHIB" = list(
    c("2020-10-18", "2021-11-10"),
    c("2022-05-07", "2022-07-31"),
    c("2022-11-02", "2022-12-31"),
    c("2024-01-10", "2024-03-31")
  ),
  "SOL" = list(
    c("2020-10-18", "2021-11-10"),
    c("2022-05-07", "2022-07-31"),
    c("2022-11-02", "2022-12-31"),
    c("2024-01-10", "2024-03-31")
  ),
  "XLM" = list(
    c("2020-10-18", "2021-11-10"),
    c("2022-05-07", "2022-07-31"),
    c("2022-11-02", "2022-12-31"),
    c("2024-01-10", "2024-03-31")
  ),
  "TRX" = list(
    c("2020-10-18", "2021-11-10"),
    c("2022-05-07", "2022-07-31"),
    c("2022-11-02", "2022-12-31"),
    c("2024-01-10", "2024-03-31")
  ),
  "UNI" = list(
    c("2020-10-18", "2021-11-10"),
    c("2022-05-07", "2022-07-31"),
    c("2022-11-02", "2022-12-31"),
    c("2024-01-10", "2024-03-31")
  ),
  "LEO" = list(
    c("2020-10-18", "2021-11-10"),
    c("2022-05-07", "2022-07-31"),
    c("2022-11-02", "2022-12-31"),
    c("2024-01-10", "2024-03-31")
  ),
  "VET" = list(
    c("2020-10-18", "2021-11-10"),
    c("2022-05-07", "2022-07-31"),
    c("2022-11-02", "2022-12-31"),
    c("2024-01-10", "2024-03-31")
  ),
  "XDC" = list(
    c("2020-10-18", "2021-11-10"),
    c("2022-05-07", "2022-07-31"),
    c("2022-11-02", "2022-12-31"),
    c("2024-01-10", "2024-03-31")
  ),
  "ZEC" = list(
    c("2020-10-18", "2021-11-10"),
    c("2022-05-07", "2022-07-31"),
    c("2022-11-02", "2022-12-31"),
    c("2024-01-10", "2024-03-31")
  )
)
