est.param.down <- list(
  AXS = c(0.0147593147947637, 0.980444913143261, 0.0406520391896773, 0.300000000000000, 0.969280113263860, 0.00142401452123522),
  BAT = c(0.00163035271853476, 0.997653279591608, 0.00607873944334423, 0.300000000000000, 0.954645782229513, 0.00698409093250060),
  BDX = c(0, 0.400269306476641, 0.0000100000000000000, 0.00287737996708057, 0.403059332299715, 0.000683877222453556),
  CAKE = c(0.00822216548385150, 0.988058740364582, 0.0125319578690565, 0.293031505856088, 0.903727649728063, 0.00684352467361149),
  CRV = c(0.294948558912836, 0.703908690337401, 0.0000100000000000000, 0.223805761606869, 0.954754815554815, 0.00654993222309131),
  DASH = c(0.223855353075933, 0.734538201329794, 0.152425357397826, 0.300000000000000, 0.916756307446810, 0.00804151429297105),
  DCR = c(0.0121496530380782, 0.970588212805168, 0.0548586323970758, 0.300000000000000, 0.860222512371074, 0.00663094263111195),
  DEXE = c(0.00242180437005870, 0.989500693412840, 0.0175474032237017, 0.300000000000000, 0.697423996335909, 0.0121077804900371),
  FET = c(0, 0.999000000000000, 0.00888573513247583, 0.300000000000000, 0.968270508961011, 0.00473641585015892),
  GNO = c(0.00356453756506040, 0.989761545073895, 0.0276961601382427, 0.300000000000000, 0.878390906079004, 0.0108752845776250),
  HNT = c(0.300000000000000, 0.700637745026197, 0.0738489995564352, 0.300000000000000, 0.936849959927718, 0.00801656202341682),
  INJ = c(0.000890645995832922, 0.996051151633071, 0.0223202274630087, 0.300000000000000, 0.936563326070095, 0.00857442352860267),
  IOTA = c(0.00497989017862364, 0.991305014754715, 0.0273385178932691, 0.300000000000000, 0.959332931893664, 0.00324105219274779),
  JST = c(0.300000000000000, 0.573149699788322, 0.300000000000000, 0.0204013096974279, 0.977075270691100, 0.00266383179266480),
  MANA = c(0.160530098268763, 0.804639668674091, 0.0000100000000000000, 0.300000000000000, 0.828285848837985, 0.0160731884352680),
  NEO = c(0.170767758106812, 0.809414747870170, 0.0000100000000000000, 0.300000000000000, 0.880213175791137, 0.0134661209873599),
  STX = c(0.00000925247649731163, 0.997627239202511, 0.0139299932960149, 0.300000000000000, 0.940296976546757, 0.00664695216214601),
  TEL = c(0.176768979259849, 0.800055734926509, 0.123152972742534, 0.217978778668523, 0.932748761561230, 0.00647057495484747),
  TWT = c(0.00233161989967984, 0.994080508120335, 0.0124956401572103, 0.189664947115298, 0.926027270205780, 0.00378256472384584),
  XTZ = c(0.00311691430412669, 0.994331454953135, 0.0140718196489612, 0.300000000000000, 0.925158225022529, 0.0106971117446172)
)
