est.param.down <- list(
  GT = c(0.00421912634081967, 0.987297458762146, 0.0192240140181204, 0.262569355668426, 0.765012567437981, 0.0104019391090908),
  LTC = c(0.149070192982409, 0.806455868748374, 0.175508030979056, 0.253968687000310, 0.928068163267922, 0.00589018216288109),
  XRP = c(0.00516332974627490, 0.989096903357048, 0.0248393808106682, 0.500000000000000, 0.863710167838674, 0.00825950183725567)
)
