est.param.up <- list(
  AAVE = c(0.0172773675819900, 0.977734977692622, 0.0345912169058750, 0.300000000000000, 0.922724365878048, 0.0114690634255543),
  ADA = c(0.0405250008538920, 0.920552154094580, 0.135498846414758, 0.500000000000000, 0.798813556181221, 0.0163887990584459),
  ALGO = c(0.142066619866134, 0.855479379221005, 0.0107748908444838, 0.292585098366735, 0.891541733236887, 0.0167130862073368),
  AVAX = c(0.0310737235055218, 0.950496816999395, 0.0443306403913425, 0.300000000000000, 0.860737647792944, 0.0101980061681295),
  BCH = c(0.200000000000000, 0.693311156135246, 0.190412046163655, 0.300000000000000, 0.866272816422181, 0.00453096475091543),
  BNB = c(0.0138342084904702, 0.942323367411045, 0.135492151923227, 0.300000000000000, 0.849668252399446, 0.00533758150652679),
  BTC = c(0.152348621310623, 0.793127483982860, 0.202183916504295, 0.0331114696438933, 0.977325337575637, 0.00329156313079118),
  CRO = c(0.0515269470796799, 0.865016420217953, 0.150771915960907, 0.300000000000000, 0.675932641457630, 0.0116394097511548),
  DOGE = c(0.230780610993490, 0.400000000000000, 0.300000000000000, 0.220026584978928, 0.676978789927147, 0.00911754617831677),
  DOT = c(0.187260728408140, 0.769587322007172, 0.131437424885761, 0.300000000000000, 0.893224400915734, 0.00895100238596039),
  ETC = c(0.00890175123613365, 0.964018128386505, 0.0460614073770295, 0.300000000000000, 0.500703571421659, 0.0179544720136235),
  ETH = c(0.00807801019742152, 0.991232366084772, 0.0135225499208312, 0.500000000000000, 0.918615252498107, 0.0100000000000000),
  FIL = c(0.200000000000000, 0.678038934746234, 0.0550053327368898, 0.300000000000000, 0.822923525085529, 0.00488111079452927),
  HBAR = c(0.0641079036666161, 0.873281663566141, 0.139998789128780, 0.196351188275389, 0.860015499528573, 0.00741702805506614),
  KCS = c(0.0572641724489730, 0.819839340633908, 0.294291221220158, 0.215847399702157, 0.757723842560713, 0.0116206963024506),
  LEO = c(0.200000000000000, 0.527130609960506, 0.300000000000000, 0.0473978333424238, 0.840396065748136, 0.00621738504970319),
  LINK = c(0.200000000000000, 0.810082410233255, 0.0000100000000000000, 0.300000000000000, 0.914938444745771, 0.0137426482464810),
  NEAR = c(0.153102117863824, 0.835918165224388, 0.115927207243824, 0.0856868805339301, 0.976365865644918, 0.00512918470945384),
  OKB = c(0.195755073413739, 0.400000000000000, 0.300000000000000, 0.100469851600594, 0.764895152243213, 0.00442113850687258),
  QNT = c(0.0131023748396631, 0.978363487187280, 0.0354806003123399, 0.300000000000000, 0.892902740228350, 0.0128752102291042),
  RNDR = c(0.200000000000000, 0.732023945285769, 0.144607931313815, 0.124551547649913, 0.927620503260166, 0.0103086182240307),
  SOL = c(0.00405273368450518, 0.988900925847678, 0.0384039131229142, 0.489243060782037, 0.894135729064393, 0.0100000000000000),
  TRX = c(0.00264434305686651, 0.897953069359470, 0.250023037808041, 0.317291357810622, 0.700000000000000, 0.00342507834019370),
  UNI = c(0.00936129293035986, 0.986495724397699, 0.0144072791945141, 0.300000000000000, 0.873627917128676, 0.0123813295472133),
  VET = c(0.148340529429588, 0.792042875170773, 0.279383700145595, 0.300000000000000, 0.893213942894973, 0.0117058950484967),
  XLM = c(0.175048184962674, 0.688865064621466, 0.300000000000000, 0.300000000000000, 0.851112484583616, 0.00571168444050971),
  XMR = c(0.200000000000000, 0.740536649458634, 0.178670199676888, 0.225183292909118, 0.897486664769077, 0.00521521500659123),
  ZEC = c(0.200000000000000, 0.737809233263460, 0.248710881684246, 0.300000000000000, 0.911179648624541, 0.00923090240709742),
  AXS = c(0.208917375936541, 0.653265436837456, 0.207430123050766, 0.00213239358487346, 0.952339702170997, 0.00490967819689703),
  BAT = c(0.186826276045669, 0.694914884004766, 0.300000000000000, 0.0617546283855795, 0.938605602439729, 0.00487787626190434),
  BDX = c(0, 0.401209586640979, 0.0000100000000000000, 0.00358290514105211, 0.403077704635288, 0.000690760305066759),
  CAKE = c(0.0969722781785061, 0.781223445784055, 0.300000000000000, 0.300000000000000, 0.717444940996572, 0.0176197838042837),
  CRV = c(0.0566700166144670, 0.938437609229724, 0.0000100000000000000, 0.145688691033655, 0.920468942856764, 0.0128370723902663),
  DASH = c(0.162341048749576, 0.670727237369697, 0.124012756718448, 0.00247852961726042, 0.931250769215356, 0.00397153784910193),
  DCR = c(0.179327920807540, 0.689289983379198, 0.0771315050341009, 0.0716254284856880, 0.908550007664119, 0.00434055134178283),
  DEXE = c(0.137674065962829, 0.551543866514014, 0.195544305949010, 0.0237754170027105, 0.920186008557170, 0.00188312975464063),
  FET = c(0.300000000000000, 0.604756448696788, 0.240320961492042, 0.0699508132310424, 0.931874432958992, 0.0105882838604632),
  GNO = c(0.0116398456608985, 0.982586620978613, 0.0230200127910626, 0.300000000000000, 0.851255357138577, 0.0192995567071514),
  HNT = c(0.255834827246105, 0.489622127666679, 0.0000100000000000000, 0.117771202894550, 0.598501282156558, 0.0277932554560733),
  INJ = c(0.300000000000000, 0.678685942659678, 0.227839210452076, 0.300000000000000, 0.941376548791337, 0.0107054285538586),
  IOTA = c(0.300000000000000, 0.598936971122780, 0.0000100000000000000, 0.0863912887572982, 0.868547554369770, 0.0126323944338595),
  JST = c(0.173000801239510, 0.608618501203005, 0.0000100000000000000, 0.0148948584298893, 0.732392315570926, 0.0105285944926661),
  MANA = c(0.0605385629993292, 0.886223775208534, 0.231408771913990, 0.151427005147216, 0.961547450668766, 0.00209676178506306),
  NEO = c(0.0760608024534585, 0.882485751620167, 0.235316518381196, 0.0918607337748461, 0.976585486438141, 0.00151692025529935),
  STX = c(0.242256181884415, 0.685376010637117, 0.300000000000000, 0.300000000000000, 0.925305524326331, 0.00605950372654231),
  TEL = c(0.0797166931585079, 0.860621710188869, 0.0951735040994142, 0.300000000000000, 0.756862268809225, 0.0258216146877387),
  TWT = c(0.239131675403026, 0.624420200053027, 0.283199216109413, 0.0802035534546845, 0.947765164066646, 0.00430330188794095),
  XTZ = c(0.0427314090557309, 0.922550009124417, 0.0883938407942661, 0.221648519412632, 0.785293310324957, 0.0146432927077019),
  LTC = c(0.147246490494038, 0.799115465062010, 0.287670608952665, 0.0400000000000000, 0.987552751635361, 0.00141250334279012),
  XRP = c(0.0633309274310821, 0.800000000000000, 0.338945960589100, 0.492790491657583, 0.700000000000000, 0.00749704652155782)
)
