est.param.down <- list(
  AAVE = c(0.00142149448958511, 0.996095190174704, 0.0160946965709340, 0.315000000000000, 0.928825112803414, 0.00894863455515025),
  ADA = c(0.00149608560749761, 0.994868064297776, 0.0178738394567987, 0.315000000000000, 0.905956345755391, 0.00827423871293899),
  ALGO = c(-0.000894187824654910, 0.987288150808056, 0.0101401285486075, 0.307970514334738, 0.931269487472271, 0.0119075595055673),
  AVAX = c(0.00109011422768582, 0.997197611512708, 0.0102965161622005, 0.315000000000000, 0.919887138144898, 0.0100362727960832),
  AXS = c(0.0144329728087503, 0.980909192163942, 0.0398355255461166, 0.315000000000000, 0.967956561170763, 0.00148625301967168),
  BAT = c(0.00154883508260802, 0.997699658678347, 0.00638267641551144, 0.315000000000000, 0.955110950327821, 0.00663488638587557),
  BCH = c(0.00344957032212878, 0.991347376081172, 0.0229631934263310, 0.525000000000000, 0.847066895739309, 0.00918822835834176),
  BNB = c(0.00615609551941283, 0.986018343562604, 0.0303293968938424, 0.315000000000000, 0.895992004529785, 0.00473181383014142),
  BTC = c(0.00134981467434704, 0.995592789299882, 0.0107043731615665, 0.272087581826850, 0.885510316796787, 0.00504329224344438),
  CAKE = c(0.00822216982516079, 0.988058731436198, 0.0125319639096469, 0.293031251526255, 0.903727648451302, 0.00684352576055134),
  CRO = c(0.0274907888186621, 0.943064403003224, 0.101728875745578, 0.525000000000000, 0.818070074219628, 0.00864200887097005),
  CRV = c(0.296131370305541, 0.706718226814170, 0.0000104695818335545, 0.224694046603461, 0.956628302448954, 0.00638182699734272),
  DASH = c(0.217512632764111, 0.742136505807861, 0.150886042511387, 0.315000000000000, 0.914234997201096, 0.00819942225177297),
  DCR = c(0.0123253427405400, 0.970188000026727, 0.0561615544067811, 0.315000000000000, 0.857005998077803, 0.00671006124244066),
  DEXE = c(0.00243739198504692, 0.989541945077620, 0.0176669662392783, 0.315000000000000, 0.697263138777822, 0.0121126549056994),
  DOGE = c(0.157274395521820, 0.786291891172207, 0.260410823689901, 0.248579125097783, 0.952814365320538, 0.00125368086253717),
  DOT = c(0.00486285963999995, 0.990549156871290, 0.0238668663116561, 0.315000000000000, 0.922813749993908, 0.00496475403720978),
  ETC = c(0.00984750192412068, 0.982061921107446, 0.0461855972272091, 0.315000000000000, 0.948651793357440, 0.00275540702271428),
  ETH = c(0.00690033349329239, 0.986455724493516, 0.0319389986104556, 0.315000000000000, 0.936987820393957, 0.00175254842118160),
  FET = c(0, 0.999000000000000, 0.00889759609354404, 0.315000000000000, 0.966976281596393, 0.00488956594229855),
  FIL = c(0.000583451044121080, 0.995815977543633, 0.0167502221844735, 0.315000000000000, 0.905180565249913, 0.00866300965129476),
  GNO = c(0.00358811289438191, 0.989649017163572, 0.0282412387335233, 0.315000000000000, 0.875435852187278, 0.0109787073301640),
  GT = c(0.00421912458699170, 0.987297461735997, 0.0192240131065277, 0.262569374918226, 0.765012576842088, 0.0104019372201041),
  HBAR = c(0.000838268058095134, 0.997457058319618, 0.0122140904461580, 0.315000000000000, 0.944353257798748, 0.00642904394568647),
  HNT = c(0.315000000000000, 0.686595846010406, 0.0749343133590587, 0.315000000000000, 0.934941554128913, 0.00818378961964292),
  INJ = c(0.000876139909190255, 0.996053892606913, 0.0224839884884474, 0.315000000000000, 0.935208455796826, 0.00865477879403807),
  IOTA = c(0.00494164161968408, 0.991299877716111, 0.0275243295458087, 0.315000000000000, 0.957328016427023, 0.00335934037923862),
  JST = c(0.315000000000000, 0.553262792006957, 0.315000000000000, 0.0193812442125565, 0.978049178977237, 0.00257316443555863),
  KCS = c(0.0859068612448255, 0.850433167709278, 0.174920638047458, 0.175102382603593, 0.898083135719791, 0.00641677930270845),
  LEO = c(0.0198524918020500, 0.950031319690027, 0.0549632725683169, 0.147940349839991, 0.802515615335445, 0.00780636195713648),
  LINK = c(0.00186751479045721, 0.994686089079774, 0.0223428312358487, 0.315000000000000, 0.923952957120796, 0.0105915463888231),
  LTC = c(0.149069824195409, 0.806456384698382, 0.175507547594128, 0.253969021496397, 0.928068085021857, 0.00589018403518350),
  MANA = c(0.160427103581791, 0.804642479338920, 0.00000950000000000000, 0.301401762318154, 0.828435244469381, 0.0162957029880756),
  NEAR = c(0.00323536516641467, 0.995715939824138, 0.00982008138866702, 0.315000000000000, 0.944861436504033, 0.00935965826158238),
  NEO = c(0.170803671014226, 0.809627676449589, 0.00000950000000000000, 0.300101839474127, 0.880459865452205, 0.0134853146548378),
  OKB = c(0.0360949735668126, 0.905578625586394, 0.222915606509407, 0.525000000000000, 0.824959208375718, 0.00381103509444879),
  QNT = c(0.00381950444240236, 0.992624354459734, 0.0157891581175924, 0.315000000000000, 0.872308960147352, 0.00939646768501728),
  RNDR = c(0.169251890740579, 0.821280098631293, 0.0528103341328945, 0.315000000000000, 0.926485804161821, 0.00866256609439603),
  SOL = c(0.000742370193681299, 0.997306806460001, 0.0147941242827190, 0.315000000000000, 0.963881268794141, 0.00202398664894939),
  STX = c(0.00000971510032217721, 0.977780626123645, 0.0146264929608156, 0.295801463923040, 0.916951649570968, 0.00631460455403871),
  TEL = c(0.176768823297261, 0.800055896944172, 0.123152926803569, 0.217978668484514, 0.932748779556335, 0.00647057322414543),
  TRX = c(0.0142087931972431, 0.918428350055493, 0.214661651286440, 0.512973997831498, 0.761906932543900, 0.00431080796758914),
  TWT = c(0.00233162503616133, 0.994080499713412, 0.0124956424486071, 0.189664744077453, 0.926027272105949, 0.00378256542530812),
  UNI = c(0.00477475905911092, 0.993318485539123, 0.0197305931609045, 0.525000000000000, 0.949910236223824, 0.00355229047622865),
  VET = c(0.00316123415812698, 0.994557195491665, 0.0151720539747227, 0.315000000000000, 0.939334684473296, 0.00750280972271586),
  XLM = c(0.00251206177719373, 0.993035196508524, 0.0166247152466098, 0.175411281915965, 0.920712632684636, 0.00453090813663299),
  XMR = c(0.00452263511452066, 0.990487281551895, 0.0157949341813704, 0.239053856158793, 0.886393342104335, 0.00798398835016933),
  XRP = c(0.00534713516376126, 0.988684835812575, 0.0260083581421703, 0.525000000000000, 0.859874330299535, 0.00835572563053743),
  XTZ = c(0.00296106858892036, 0.994680206000163, 0.0133682286665131, 0.315000000000000, 0.927221470357626, 0.0101622561573863),
  ZEC = c(0.00388590459903333, 0.994846948312679, 0.00876509910800670, 0.315000000000000, 0.945072829205075, 0.00565627836490097)
)
