est.param.up <- list(
  AAVE = c(0.0170796485953678, 0.978365990805796, 0.0328616560605813, 0.315000000000000, 0.924356231026059, 0.0109028861732526),
  ADA = c(0.0425512508965866, 0.920561925758026, 0.142273788735496, 0.525000000000000, 0.817371859726020, 0.0158487528855241),
  ALGO = c(0.149169950859441, 0.847254087316038, 0.0102361463022596, 0.277955843448398, 0.888880027636240, 0.0170197979057817),
  AVAX = c(0.0326274096807979, 0.949548292934584, 0.0452716578543859, 0.315000000000000, 0.868343135184355, 0.0101384844746568),
  AXS = c(0.208917387748356, 0.653265421776497, 0.207430142548606, 0.00213240293853478, 0.952339692270791, 0.00490967927155156),
  BAT = c(0.190859630672102, 0.687549994698401, 0.315000000000000, 0.0624693493680623, 0.939325473001315, 0.00481283357234234),
  BCH = c(0.210000000000000, 0.677988039578322, 0.199932648471838, 0.315000000000000, 0.861144312397369, 0.00461702719520571),
  BDX = c(0, 0.399935617828481, 0.00000950000000000000, 0.00360041231500700, 0.401798223034659, 0.000690489823616181),
  BNB = c(0.0144080515974036, 0.941557414074177, 0.135644087633273, 0.315000000000000, 0.843665912973176, 0.00550289462009843),
  BTC = c(0.159966052376154, 0.780721141879511, 0.205320195827931, 0.0314558961616986, 0.977198415989167, 0.00312698497425162),
  CAKE = c(0.101593481488245, 0.772792525818561, 0.315000000000000, 0.315000000000000, 0.717939116326187, 0.0175857218461359),
  CRO = c(0.0541032944336639, 0.864968378596259, 0.153436182730882, 0.315000000000000, 0.695897570911227, 0.0117671549063284),
  CRV = c(0.0566674918101557, 0.938441446658723, 0.00000950000000000000, 0.145689801415929, 0.920476175592561, 0.0128410528767665),
  DASH = c(0.154223996312097, 0.677270381482459, 0.130213394554370, 0.00235460313639740, 0.928878595847544, 0.00398198716440761),
  DCR = c(0.179328400836423, 0.689289424489761, 0.0771312637435315, 0.0716256420214674, 0.908549899390299, 0.00434055677118278),
  DEXE = c(0.137674080481046, 0.551543880933475, 0.195544267399517, 0.0237754220157741, 0.920186006605610, 0.00188312996929918),
  DOGE = c(0.242319641543165, 0.380000000000000, 0.302916451976178, 0.211865183648076, 0.693784741551377, 0.00880103786807168),
  DOT = c(0.177897691987733, 0.776564225744613, 0.134737839742029, 0.315000000000000, 0.884330584154440, 0.00939855250525841),
  ETC = c(0.00934683879794033, 0.964595181424780, 0.0463507930487908, 0.315000000000000, 0.525738749992742, 0.0182902448015713),
  ETH = c(0.00819935626999086, 0.991318684132431, 0.0128852166133097, 0.525000000000000, 0.915071842123582, 0.0105000000000000),
  FET = c(0.315000000000000, 0.584816535376060, 0.252337009566644, 0.0668715423551835, 0.932613676459583, 0.0104985743271737),
  FIL = c(0.210000000000000, 0.687535887063244, 0.0535846064565476, 0.315000000000000, 0.844567489316296, 0.00512516633425573),
  GNO = c(0.0115362797790903, 0.982594761616140, 0.0234068286426937, 0.315000000000000, 0.845611441374701, 0.0197920697238310),
  HBAR = c(0.0664376958828839, 0.870503722756694, 0.132998849672341, 0.206168747689158, 0.852405610012588, 0.00772087364110200),
  HNT = c(0.0132256738317819, 0.986345584489905, 0.0130883760873336, 0.463387302303649, 0.942991681517387, 0.0100000000000000),
  INJ = c(0.315000000000000, 0.663494632312021, 0.230065283424023, 0.315000000000000, 0.938409359847235, 0.0112037094357927),
  IOTA = c(0.299980406079375, 0.598897969492185, 0.00000950000000000000, 0.0863858011255537, 0.868491866278320, 0.0126362689365154),
  JST = c(0.181587765012893, 0.638793930695682, 0.00000950000000000000, 0.0156396013513838, 0.768756409802419, 0.0107268693509325),
  KCS = c(0.0601273810714217, 0.817929968197081, 0.293010977183859, 0.226639769687265, 0.759550906570892, 0.0117698096243530),
  LEO = c(0.210000000000000, 0.514027397436751, 0.315000000000000, 0.0497677250095450, 0.849639440477558, 0.00605521370411617),
  LINK = c(0.198747990752740, 0.789584582261185, 0.0000105000000000000, 0.290460538855985, 0.884671752412346, 0.0130555158341570),
  LTC = c(0.140698364190772, 0.805479125957700, 0.292588925881352, 0.0386475381251724, 0.988167380682750, 0.00134827706667479),
  MANA = c(0.0605386033077440, 0.886223737715279, 0.231408789854561, 0.151427021350606, 0.961547456638332, 0.00209676266748069),
  NEAR = c(0.145447011970633, 0.844185729241783, 0.121723567606015, 0.0899712245606266, 0.977110020175383, 0.00487272547398115),
  NEO = c(0.0638997162636450, 0.904574997358924, 0.144837899024227, 0.500000000000000, 0.866762849270157, 0.00627281463605944),
  OKB = c(0.205542827084426, 0.384692137124309, 0.315000000000000, 0.105493344180624, 0.780546984954762, 0.00420008158152895),
  QNT = c(0.0137574935816463, 0.977204138570850, 0.0372546303279569, 0.315000000000000, 0.887882563168520, 0.0130949723079550),
  RNDR = c(0.210000000000000, 0.716679984911980, 0.151838327879506, 0.118323970267417, 0.931493075472922, 0.00979318731282917),
  SOL = c(0.00425537036873044, 0.990589845840479, 0.0364837174667685, 0.513705213821139, 0.924798978795033, 0.00950000000000000),
  STX = c(0.248348047678502, 0.678503290300758, 0.315000000000000, 0.315000000000000, 0.924286987526507, 0.00609105012672017),
  TEL = c(0.0796972665556997, 0.860749060229204, 0.0975003811750295, 0.315000000000000, 0.756343113377625, 0.0258311689837353),
  TRX = c(0.00277656020970984, 0.904708876362457, 0.237521885917639, 0.333155925701153, 0.701349007863082, 0.00341335300349674),
  TWT = c(0.239132154322785, 0.624419571382095, 0.283199704345932, 0.0802036767802523, 0.947765131151234, 0.00430330619494149),
  UNI = c(0.00982935757687785, 0.986301176210477, 0.0136869152347884, 0.315000000000000, 0.877460130995759, 0.0117622630698526),
  VET = c(0.144763488356624, 0.796044395601750, 0.268387521532606, 0.306620201809229, 0.886361317696506, 0.0122911898009215),
  XLM = c(0.0948051489396036, 0.800000000000000, 0.287400164718594, 0.500000000000000, 0.784833248017208, 0.00648597443158106),
  XMR = c(0.210000000000000, 0.727919389276218, 0.181709945425832, 0.213924128263662, 0.900761933647324, 0.00514883512917113),
  XRP = c(0.0664974738026362, 0.780375636329470, 0.355893258618555, 0.468150967074704, 0.682826998002508, 0.00753778490350188),
  XTZ = c(0.0427310945380470, 0.922550482205826, 0.0883935403278561, 0.221649290322062, 0.785292904690757, 0.0146433077842955),
  ZEC = c(0.210000000000000, 0.725767058614049, 0.252716178672915, 0.315000000000000, 0.907023392832205, 0.00963100609039443)
)

