est.param.up <- list(
  AAVE = c(0.0346388135407787, 0.926734200643012, 0.113274708999236, 0.300000000000000, 0.881425023574678, 0.00479701311014033),
  ADA = c(0.0419636150261914, 0.850119438193541, 0.216278683370935, 0.300000000000000, 0.782015788427323, 0.00341821568427839),
  ALGO = c(0.137029756841197, 0.666418639332256, 0.0383295010276292, 0.0746434731846918, 0.838254708201574, 0.00583848052661557),
  AVAX = c(0.0566468329385790, 0.877522097114446, 0.171848786385244, 0.0326895667034617, 0.987066398194397, 0.000422911191775230),
  AXS = c(0.0167119486527085, 0.841596003822573, 0.226624527264487, 0.0698997867195032, 0.919326643665369, 0.00111410932778682),
  BAT = c(0.0559961866119121, 0.853027878576223, 0.300000000000000, 0.102023159216770, 0.956889580742106, 0.000765489120416746),
  BCH = c(0.277888553941095, 0.400000000000000, 0.262828658038487, 0.0172221213295209, 0.979900426787769, 0.000542576531640204),
  BNB = c(0, 0.967395612974935, 0.0792642081893641, 0.366078371476978, 0.700000000000000, 0.00150486072721452),
  BTC = c(0.0449891835015700, 0.873177646994505, 0.101040704985871, 0.00950158791724101, 0.977401200772477, 0.000983840405267787),
  CAKE = c(0.0161514617746802, 0.889587125213668, 0.241020085751452, 0.300000000000000, 0.807319906493150, 0.00274234682987191),
  CRO = c(0.0326378102406354, 0.823409907741155, 0.300000000000000, 0.267435536718163, 0.788007871618755, 0.00193953165233829),
  CRV = c(0.00400144465985296, 0.988746074760896, 0.0246975092440403, 0.300000000000000, 0.895986723284285, 0.00410434923403460),
  DASH = c(0.00929377703235442, 0.916711733754192, 0.184456091071749, 0.300000000000000, 0.782896672108570, 0.00193002596826219),
  DCR = c(0.0138901187548686, 0.942153007416413, 0.109130973229418, 0.500000000000000, 0.744702796203340, 0.00131381661530615),
  DEXE = c(0.00524835803858995, 0.800000000000000, 0.292860581956064, 0.227121869903624, 0.746723350863818, 0.000462382539724201),
  DOGE = c(0, 0.403718734840674, 0.00661379338308671, 0.0569999725068439, 0.464632693914119, 0.00260926299334034),
  DOT = c(0.0524207178490335, 0.853340380788308, 0.180845135494082, 0.0165175165383251, 0.980622950248869, 0.000718386256218633),
  ETC = c(0.0467419256531234, 0.789208365850880, 0.300000000000000, 0.0329496550101917, 0.970755581815935, 0.000341026632619620),
  ETH = c(0.300000000000000, 0.459231465236123, 0.190232026838381, 0.00878745700138922, 0.984069495494682, 0.00104550057407577),
  FET = c(0.300000000000000, 0.479155510950760, 0.131541948688794, 0.238321592564576, 0.883853052008162, 0.00574559712854936),
  FIL = c(0.0350010412565411, 0.775903998429892, 0.114672715396470, 0.0373642489122163, 0.825634603806429, 0.00287496312492433),
  GNO = c(0.0108356322610613, 0.969280740637683, 0.0507253615303374, 0.300000000000000, 0.844721172660460, 0.00322369575076721),
  GT = c(0, 0.906343900211047, 0.173728973541104, 0.225520655234577, 0.700000000000000, 0.00100000000000000),
  HBAR = c(0.0352215547408976, 0.872614025405487, 0.174253165348631, 0.145937712996015, 0.891744681855906, 0.00161076319292090),
  HNT = c(0.245106752419654, 0.557405653506500, 0.0558411526690393, 0.132729236791592, 0.897368311467444, 0.00546904158682950),
  INJ = c(0.0700088687895433, 0.863046925741304, 0.144557849842084, 0.135430664459695, 0.945134442543996, 0.00262479923557975),
  IOTA = c(0.0107563963796060, 0.971281179900636, 0.0563886804292422, 0.300000000000000, 0.860775492054471, 0.00360548282971205),
  JST = c(0.0115829829482766, 0.930197470528001, 0.111859486423911, 0.0104742193037839, 0.984198551099006, 0.000316868933521021),
  KCS = c(0.00106279897621512, 0.785000847593847, 0.0251600932552119, 0.0138058901412377, 0.621844411766837, 0.00415694198799517),
  LEO = c(0, 0.786074817389356, 0.300000000000000, 0.133051884363263, 0.615406798924176, 0.00121066013467811),
  LINK = c(0.0271922659767651, 0.942348807078732, 0.0827847485308591, 0.300000000000000, 0.878323160444138, 0.00319646854100909),
  LTC = c(0.00326239557370507, 0.980238870971014, 0.0460762203269052, 0.300000000000000, 0.807178773010503, 0.00354999250458520),
  MANA = c(0.000335852280898516, 0.710499330228615, 0.136181342545085, 0.0146083526337193, 0.850562957492120, 0.00167083616747531),
  NEAR = c(0.0363290685540406, 0.911655413396372, 0.121648564451143, 0.0461208154437948, 0.972382713885579, 0.00133449696863155),
  NEO = c(0.0383432788959836, 0.903771288941448, 0.170703694972934, 0.300000000000000, 0.871781593272800, 0.00161861248231977),
  OKB = c(0, 0.403283055967421, 0.0000100000000000000, 0.00430667182866526, 0.704290218853094, 0.00150142144854049),
  QNT = c(0.105413141516599, 0.762069452895965, 0.171131641680818, 0.0872660092333476, 0.927105478954474, 0.00268188390053932),
  RNDR = c(0.119701028306463, 0.730419526298808, 0.179256599126592, 0.300000000000000, 0.871424619690873, 0.00404120600033623),
  SOL = c(0.0466460909749689, 0.854845739587326, 0.0360159031840436, 0.0194387104392990, 0.953978869932143, 0.00164447759770337),
  STX = c(0.0817081232801647, 0.838061074881412, 0.152929745829296, 0.0537146210742660, 0.977542238797734, 0.000563042884954457),
  TEL = c(0.0150308756631557, 0.887106850581664, 0.206809137713401, 0.300000000000000, 0.785864579011549, 0.00417437758259173),
  TRX = c(0, 0.916258413671979, 0.183359818840819, 0.235371063378724, 0.700000000000000, 0.00100000000000000),
  TWT = c(0.0539508951227915, 0.800000000000000, 0.218985912163749, 0.0524207194833695, 0.945127618057696, 0.00100000000000000),
  UNI = c(0.00640314466510972, 0.977515566637712, 0.0496282578679457, 0.223104512774467, 0.893530302425647, 0.00250243697051817),
  VET = c(0.0537885268863840, 0.837621165848684, 0.276213747398128, 0.0237604275409867, 0.983556038849706, 0.000521831415014012),
  XLM = c(0.0289774912573031, 0.800000000000000, 0.371454231294539, 0.244332117275074, 0.783012113973467, 0.00155444773858345),
  XMR = c(0.00266058670056203, 0.407340517607160, 0.00374801847586797, 0.0129810259319944, 0.408494922731715, 0.00618945965294097),
  XRP = c(0.0633700936220909, 0.734828721247440, 0.300000000000000, 0.157495972085887, 0.831846817417448, 0.00181157052485004),
  XTZ = c(0.0265406755402562, 0.917842164245635, 0.159135307950865, 0.300000000000000, 0.830703878384712, 0.00414110637744678),
  ZEC = c(0.0440034486192274, 0.865283196859673, 0.201682302328006, 0.300000000000000, 0.824914424489274, 0.00409014694452980)
)
