est.param.down <- list(
  AAVE = c(0.00135380427579534, 0.996168198099598, 0.0153282824485086, 0.300000000000000, 0.924484468631425, 0.00852250910014310),
  ADA = c(0.00144593521833375, 0.994960252352408, 0.0175230431188704, 0.300000000000000, 0.907207374839170, 0.00842656478657298),
  ALGO = c(-0.000871045554396486, 0.998965159271945, 0.00987769420443872, 0.300000000000000, 0.907167515192762, 0.0115993826856666),
  AVAX = c(0.00103820402636745, 0.997230381595685, 0.0102432322545596, 0.300000000000000, 0.919254734702164, 0.0101335287853337),
  BCH = c(0.00328530506869408, 0.991056187149430, 0.0236619789108663, 0.500000000000000, 0.838160093952086, 0.00967181932457027),
  BNB = c(0.00588801789383610, 0.986155449129659, 0.0301293967738481, 0.300000000000000, 0.895893822791714, 0.00481483608221469),
  BTC = c(0.00137505364847892, 0.995302731454072, 0.0112677612227016, 0.259301045760621, 0.884098091700547, 0.00530872867730987),
  CRO = c(0.0289376724406969, 0.941090657182107, 0.105564662627368, 0.500000000000000, 0.831182064809867, 0.00823048463901910),
  DOGE = c(0.149785138592210, 0.793341587593312, 0.265443551823255, 0.257212781885519, 0.951366285592135, 0.00123916609069784),
  DOT = c(0.00499013921227151, 0.990424794891235, 0.0240824230648967, 0.300000000000000, 0.926551562459433, 0.00488871275331621),
  ETC = c(0.0103657914990744, 0.981397940101921, 0.0455329635111232, 0.300000000000000, 0.948579434860544, 0.00290042844496240),
  ETH = c(0.00657174618408799, 0.986482844560906, 0.0317656037556694, 0.300000000000000, 0.935766128453555, 0.00172248321342815),
  FIL = c(0.000555667661067695, 0.995245200667106, 0.0176318128257616, 0.300000000000000, 0.880179126329799, 0.00902130971151342),
  HBAR = c(0.000798350531519175, 0.997346409040569, 0.0128569373117453, 0.300000000000000, 0.944161252274349, 0.00638840859660409),
  KCS = c(0.0818160583284052, 0.849670973734874, 0.179884640028842, 0.166764173908184, 0.890799723331168, 0.00641521411064550),
  LEO = c(0.0192860866644933, 0.948786390882236, 0.0575393562722379, 0.140895571276182, 0.798889074670075, 0.00777801175831164),
  LINK = c(0.00177858551472115, 0.994613292232404, 0.0225870417401718, 0.300000000000000, 0.921592751551556, 0.0105834225682173),
  NEAR = c(0.00323923233612299, 0.995757515656470, 0.00935245846539716, 0.300000000000000, 0.946506405942869, 0.00891396024912607),
  OKB = c(0.0379947090176975, 0.902304203952155, 0.227727062084125, 0.500000000000000, 0.830353140734721, 0.00376844266685985),
  QNT = c(0.00394630760186925, 0.992031132651191, 0.0166201664395709, 0.300000000000000, 0.861883772830677, 0.00989101861580766),
  RNDR = c(0.175074933017502, 0.814752862643159, 0.0555898254030468, 0.300000000000000, 0.930973322270216, 0.00825006294704384),
  SOL = c(0.000781442309138209, 0.997236430629353, 0.0153562148065684, 0.300000000000000, 0.966824887470911, 0.00192760633233275),
  TRX = c(0.0135321839973744, 0.912417355023309, 0.225959632933095, 0.488546664601427, 0.744459183784843, 0.00438438807945578),
  UNI = c(0.00502606216748518, 0.992975027780827, 0.0207690454325310, 0.500000000000000, 0.951881941683290, 0.00338313378688443),
  VET = c(0.00310216194392970, 0.994659893336503, 0.0147148102315792, 0.300000000000000, 0.940632215552123, 0.00727479795695627),
  XLM = c(0.00239243978780355, 0.992694116746297, 0.0174997002595893, 0.167058363729490, 0.914308597818574, 0.00468597656684884),
  XMR = c(0.00445936289976864, 0.990513860401399, 0.0157625212409067, 0.234691821075964, 0.885815317006269, 0.00786397555026162),
  ZEC = c(0.00370086152288889, 0.994997262217631, 0.00855463619342434, 0.300000000000000, 0.945424094768274, 0.00566628458859730),
  AXS = c(0.0147593147947637, 0.980444913143261, 0.0406520391896773, 0.300000000000000, 0.969280113263860, 0.00142401452123522),
  BAT = c(0.00163035271853476, 0.997653279591608, 0.00607873944334423, 0.300000000000000, 0.954645782229513, 0.00698409093250060),
  BDX = c(0, 0.400269306476641, 0.0000100000000000000, 0.00287737996708057, 0.403059332299715, 0.000683877222453556),
  CAKE = c(0.00822216548385150, 0.988058740364582, 0.0125319578690565, 0.293031505856088, 0.903727649728063, 0.00684352467361149),
  CRV = c(0.294948558912836, 0.703908690337401, 0.0000100000000000000, 0.223805761606869, 0.954754815554815, 0.00654993222309131),
  DASH = c(0.223855353075933, 0.734538201329794, 0.152425357397826, 0.300000000000000, 0.916756307446810, 0.00804151429297105),
  DCR = c(0.0121496530380782, 0.970588212805168, 0.0548586323970758, 0.300000000000000, 0.860222512371074, 0.00663094263111195),
  DEXE = c(0.00242180437005870, 0.989500693412840, 0.0175474032237017, 0.300000000000000, 0.697423996335909, 0.0121077804900371),
  FET = c(0, 0.999000000000000, 0.00888573513247583, 0.300000000000000, 0.968270508961011, 0.00473641585015892),
  GNO = c(0.00356453756506040, 0.989761545073895, 0.0276961601382427, 0.300000000000000, 0.878390906079004, 0.0108752845776250),
  HNT = c(0.300000000000000, 0.700637745026197, 0.0738489995564352, 0.300000000000000, 0.936849959927718, 0.00801656202341682),
  INJ = c(0.000890645995832922, 0.996051151633071, 0.0223202274630087, 0.300000000000000, 0.936563326070095, 0.00857442352860267),
  IOTA = c(0.00497989017862364, 0.991305014754715, 0.0273385178932691, 0.300000000000000, 0.959332931893664, 0.00324105219274779),
  JST = c(0.300000000000000, 0.573149699788322, 0.300000000000000, 0.0204013096974279, 0.977075270691100, 0.00266383179266480),
  MANA = c(0.160530098268763, 0.804639668674091, 0.0000100000000000000, 0.300000000000000, 0.828285848837985, 0.0160731884352680),
  NEO = c(0.170767758106812, 0.809414747870170, 0.0000100000000000000, 0.300000000000000, 0.880213175791137, 0.0134661209873599),
  STX = c(0.00000925247649731163, 0.997627239202511, 0.0139299932960149, 0.300000000000000, 0.940296976546757, 0.00664695216214601),
  TEL = c(0.176768979259849, 0.800055734926509, 0.123152972742534, 0.217978778668523, 0.932748761561230, 0.00647057495484747),
  TWT = c(0.00233161989967984, 0.994080508120335, 0.0124956401572103, 0.189664947115298, 0.926027270205780, 0.00378256472384584),
  XTZ = c(0.00311691430412669, 0.994331454953135, 0.0140718196489612, 0.300000000000000, 0.925158225022529, 0.0106971117446172)
)
