est.param.up <- list(
  GT = c(0.0690075648967464, 0.843588765944794, 0.214515091231602, 0.0170793622346485, 0.984570254484628, 0.00100000000000000),
  LTC = c(0.147246490494038, 0.799115465062010, 0.287670608952665, 0.0400000000000000, 0.987552751635361, 0.00141250334279012),
  XRP = c(0.0633309274310821, 0.800000000000000, 0.338945960589100, 0.492790491657583, 0.700000000000000, 0.00749704652155782)
)
