est.param.down <- list(
  AAVE = c(0.00128055840175310, 0.992419277010452, 0.0245021341575289, 0.168313174294372, 0.925086516403575, 0.00269844629079713),
  ADA = c(0, 0.992336844936690, 0.0274260156968651, 0.292424233360142, 0.860112797877487, 0.00284267190747100),
  ALGO = c(0.162410479524574, 0.759634272246534, 0.182851888191039, 0.0307272025445217, 0.984624573323633, 0.00119018057327323),
  AVAX = c(0.00256947321160181, 0.990050908830751, 0.0267013332562299, 0.162417691513492, 0.929503906602810, 0.00222104658204002),
  AXS = c(0.0384938368616697, 0.783133313212618, 0.000228426020934873, 0.0342503155454501, 0.850511220086867, 0.00283509556883250),
  BAT = c(0.00142967871938653, 0.991250583909195, 0.0244620773653551, 0.300000000000000, 0.873061775337049, 0.00303040056648708),
  BCH = c(0.00351566377553379, 0.978483263218454, 0.0519547516580589, 0.300000000000000, 0.825898576555186, 0.00264473173283916),
  BNB = c(0, 0.968483592904404, 0.0678195375248950, 0.221762332575928, 0.742951178924580, 0.00118259910241417),
  BTC = c(0, 0.983799597185364, 0.0303443772399519, 0.0609018969727228, 0.888962076043166, 0.00168271734746863),
  CAKE = c(0.00544260835300974, 0.981346210043226, 0.0275100974137117, 0.260356134008303, 0.829860836920856, 0.00286763359181029),
  CRO = c(0.0563685456217518, 0.822172698764334, 0.241635244503265, 0.00679926136636846, 0.990420173201879, 0.000383713883287456),
  CRV = c(0.00438871846601609, 0.983472675014055, 0.0445204463273371, 0.300000000000000, 0.910866142452085, 0.00170688944654759),
  DASH = c(0.00231956881517739, 0.980130620345506, 0.0506825885401900, 0.118904464104282, 0.928631420276032, 0.00208446964934212),
  DCR = c(0.0123111953554189, 0.956653539086685, 0.0733011837962914, 0.247262911588672, 0.854433219746905, 0.00233601568945068),
  DEXE = c(0.00869690658306247, 0.932780205442060, 0.130662187433487, 0.300000000000000, 0.815486044678295, 0.00193614209831756),
  DOGE = c(0.0772291052483521, 0.800000000000000, 0.239630618071142, 0.214036680174777, 0.900000000000000, 0.000484573456481247),
  DOT = c(0.248355582928881, 0.476301036640817, 0.0000100000000000000, 0.0396496549641189, 0.927043904913724, 0.00291076138704860),
  ETC = c(0.0000913328533499175, 0.984913646649571, 0.0458736098772117, 0.235238472243877, 0.869302067712918, 0.00129860983824221),
  ETH = c(0.00226015873640078, 0.980038284984155, 0.0399811743410671, 0.203143783890523, 0.830705330791127, 0.00180349407601201),
  FET = c(0.000998423813275744, 0.995025744221185, 0.0201302356089124, 0.300000000000000, 0.919648610249357, 0.00295600454546512),
  FIL = c(0.109694220912798, 0.827662240913241, 0.0950916156958778, 0.300000000000000, 0.893515367328485, 0.00310528130777309),
  GNO = c(0.00159836515195106, 0.988057896257323, 0.0288963986945488, 0.278795433967939, 0.830249868625196, 0.00276383401435241),
  GT = c(0.0392714755935158, 0.758967745995632, 0.209257387230327, 0.0220856465694376, 0.933951047485305, 0.000515821100727956),
  HBAR = c(0.00399259531484701, 0.985433646111078, 0.0468512456701050, 0.300000000000000, 0.915250250580638, 0.00216521580496277),
  HNT = c(0.00185136442804302, 0.994190678992842, 0.0204616974409316, 0.300000000000000, 0.936328212593363, 0.00219404332424481),
  INJ = c(0.00674680995998005, 0.979395708235470, 0.0679076978608408, 0.300000000000000, 0.934907863512880, 0.00180677227899920),
  IOTA = c(0.00417182557747399, 0.985443960871858, 0.0410408157629229, 0.269209171636036, 0.915644862016273, 0.00228034871713453),
  JST = c(0.128656052369303, 0.588558941798810, 0.300000000000000, 0.0271075278817158, 0.944671775573202, 0.00131729438332256),
  KCS = c(0.00314586091448071, 0.916186052560307, 0.126780052246998, 0.0729047253711233, 0.864106362016550, 0.00100000000000000),
  LEO = c(0, 0.732975151644854, 0.300000000000000, 0.000955863394325347, 0.990578247077209, 0.000164450566650523),
  LINK = c(0.00210748788745325, 0.990957732756578, 0.0224758670325654, 0.0971952350377269, 0.938896004540136, 0.00265956781147125),
  LTC = c(0.250534002583517, 0.446880417687316, 0.175413948521242, 0.0212716186057571, 0.961594692625318, 0.00135447843096325),
  MANA = c(0.00161313998627626, 0.986553198719311, 0.0444530248339275, 0.300000000000000, 0.902383184968501, 0.00109376701978497),
  NEAR = c(0.242497914531902, 0.616619200992985, 0.142617928296392, 0.0717454117208310, 0.949256504947912, 0.00347223366193201),
  NEO = c(0.00208134831414513, 0.988337574885569, 0.0263316937216047, 0.300000000000000, 0.810703304602974, 0.00442825455249082),
  OKB = c(0, 0.935772282463963, 0.158090418033970, 0.331753164928633, 0.700000000000000, 0.00186762731796924),
  QNT = c(0.0548668878994680, 0.872497244303912, 0.121220898698616, 0.00804873298568497, 0.990419950530065, 0.000347418515864384),
  RNDR = c(0.125655203922935, 0.805804906786257, 0.133089209561566, 0.146428327809061, 0.956170829331672, 0.00192935446173739),
  SOL = c(0.296090702587339, 0.511016460312132, 0.0730392174074491, 0.185128451896461, 0.899031900911924, 0.00229455191929513),
  STX = c(0.00160817256548237, 0.993889173139973, 0.0174285458356926, 0.150560874573638, 0.952775914306547, 0.00143834937648031),
  TEL = c(0.0355355774549060, 0.935808128786894, 0.138720355440907, 0.0257986615408489, 0.993310666127360, 0.000360773296524575),
  TRX = c(0, 0.945467240675752, 0.104390850082612, 0.144685649463692, 0.723222381235898, 0.00184421865822351),
  TWT = c(0.0160055359056147, 0.408628017937889, 0.00275040444187086, 0.0392458639342704, 0.441149666242849, 0.00545473496698195),
  UNI = c(0.00220877683875526, 0.991149990618338, 0.0240916191138607, 0.300000000000000, 0.897561473199695, 0.00191227343334797),
  VET = c(0.00253204054915553, 0.985602891081982, 0.0423260175058991, 0.300000000000000, 0.870560609690032, 0.00295921134015883),
  XLM = c(0.188580467275912, 0.478104715086583, 0.0440440495886811, 0.0454458355841592, 0.919988943823622, 0.00173810794397343),
  XMR = c(0.000644409048634190, 0.945223238863472, 0.107900000549553, 0.170992077922299, 0.777584545906371, 0.00170999029700892),
  XRP = c(0.185981116269800, 0.566020316121196, 0.286356644717784, 0.0725677285357456, 0.931963177212701, 0.00124581395900315),
  XTZ = c(0.000349626343333122, 0.990264114115525, 0.0284070993287437, 0.300000000000000, 0.834887951951702, 0.00298797051899173),
  ZEC = c(0.00492028007061983, 0.979317171596480, 0.0472627621160791, 0.195298456621152, 0.916003163809166, 0.00154666280464748)
)
