est.param.up <- list(
  AAVE = c(0.0279057893210440, 0.951657671618259, 0.0836228494016344, 0.300000000000000, 0.914124499577229, 0.00536902301870499),
  ADA = c(0.0587717920922956, 0.843393980088131, 0.214595527718531, 0.300000000000000, 0.805579893219198, 0.00590546729816471),
  ALGO = c(0.0837692001652307, 0.880103545510507, 0.0686816320591286, 0.300000000000000, 0.878274963595959, 0.00757490590325077),
  AVAX = c(0.0774052791305362, 0.849758996073213, 0.212385263962200, 0.0510986679310987, 0.976716534125958, 0.00131715304566175),
  AXS = c(0.147040181235093, 0.606480151287442, 0.257489799270176, 0.0544475553843512, 0.915803861035090, 0.00287246349677994),
  BAT = c(0.0961207983662823, 0.804368284028830, 0.300000000000000, 0.0741788954897992, 0.963034410445958, 0.00135641976493633),
  BCH = c(0.185630623066777, 0.670463184782306, 0.182239800770023, 0.0613005080355546, 0.961151248907634, 0.00108741520479092),
  BNB = c(0.00966580296206559, 0.937128336712669, 0.152223019136945, 0.0348812800497663, 0.980211415599173, 0.000432699108988237),
  BTC = c(0.0609916701315859, 0.871654698807924, 0.132745816174104, 0.0311978393457108, 0.968685102857043, 0.00160105907702901),
  CAKE = c(0.0241399246940367, 0.909337918305683, 0.175585193550396, 0.300000000000000, 0.799928404600170, 0.00672807014403652),
  CRO = c(0.0620338867331611, 0.823959758516038, 0.289763411025709, 0.300000000000000, 0.838160425795800, 0.00392997729429626),
  CRV = c(0.00520383976833603, 0.991033120977655, 0.0170129870339966, 0.300000000000000, 0.927606696266222, 0.00562816597030273),
  DASH = c(0.0235457819253798, 0.910069480623112, 0.178884373257937, 0.300000000000000, 0.831052664265218, 0.00302479036091711),
  DCR = c(0.203726166030744, 0.528998684655373, 0.275590394873432, 0.0958229831894728, 0.925123273173349, 0.00145012752523753),
  DEXE = c(0.00302303581845422, 0.919648729215383, 0.150845748308205, 0.246125588358688, 0.778870968171852, 0.00126236027963802),
  DOGE = c(0.205695262098818, 0.409464636431815, 0.300000000000000, 0.300000000000000, 0.731631102753800, 0.00339243017164137),
  DOT = c(0.112653636051689, 0.802936988722004, 0.191029698008526, 0.0321001073687063, 0.975518387732082, 0.00165281328890597),
  ETC = c(0.0761028779499389, 0.787176872293030, 0.300000000000000, 0.0360128128256751, 0.973653162739642, 0.000861109101622579),
  ETH = c(0.00637435453835908, 0.988522748709287, 0.0157557126375855, 0.300000000000000, 0.860115260553451, 0.00760846630357861),
  FET = c(0.300000000000000, 0.596530379257460, 0.114240845306960, 0.263407064320448, 0.910253431024595, 0.00839497642813185),
  FIL = c(0.0250031926799256, 0.942072097302624, 0.0558365627563999, 0.300000000000000, 0.818718388796194, 0.00385111860344682),
  GNO = c(0.00908605020360092, 0.984841275075317, 0.0186286679636089, 0.300000000000000, 0.877105091818029, 0.00684005906966460),
  GT = c(0, 0.908116231226378, 0.223924332043812, 0.426304147130523, 0.700000000000000, 0.00159408896847176),
  HBAR = c(0.0713097699558243, 0.867368102103525, 0.176090321767771, 0.300000000000000, 0.895760027010671, 0.00386475042657072),
  HNT = c(0.300000000000000, 0.583187693722112, 0.0537639971356428, 0.210702290044311, 0.898929719120645, 0.00896259159686690),
  INJ = c(0.134692384043469, 0.810094691492214, 0.142968227892646, 0.300000000000000, 0.924943407444676, 0.00564761954088269),
  IOTA = c(0.0112705389504839, 0.974816199431391, 0.0464622120993640, 0.300000000000000, 0.862196901429787, 0.00539493230485358),
  JST = c(0.00931108978769670, 0.969518008367373, 0.0683583828968823, 0.272473074916801, 0.875539445666630, 0.00272499109651602),
  KCS = c(0.0139818401746929, 0.864892027725928, 0.300000000000000, 0.297372435825856, 0.747544547430731, 0.00428962495927948),
  LEO = c(0.0516863289849307, 0.736995212527037, 0.300000000000000, 0.0481137233346045, 0.875347146413437, 0.00204003981333117),
  LINK = c(0.0557885673740528, 0.925710023702391, 0.0782297744608935, 0.300000000000000, 0.924313059266327, 0.00476505370304513),
  LTC = c(0.110079518414481, 0.781989310339569, 0.250713020950318, 0.0354096834396739, 0.971007373477913, 0.00174744179456001),
  MANA = c(0.0250915297476705, 0.920862552127811, 0.177248150704013, 0.136062654519345, 0.944851483688306, 0.00128844055738062),
  NEAR = c(0.0687642225301886, 0.892436906573811, 0.107780777505296, 0.0616254212495517, 0.969150909972935, 0.00301369188332783),
  NEO = c(0.0604018902024110, 0.895176789496526, 0.183063189653378, 0.300000000000000, 0.916743960760851, 0.00204227790154903),
  OKB = c(0.00000970526077268079, 0.401775871428585, 0.000700903328317236, 0.00593532723189364, 0.402135873300596, 0.00292390747786222),
  QNT = c(0.00956688441729945, 0.975834774602556, 0.0493877819663324, 0.300000000000000, 0.889481665666947, 0.00565300791161754),
  RNDR = c(0.283705271447250, 0.537226940262953, 0.182753356333234, 0.233997028384881, 0.899967247521351, 0.00698765586984894),
  SOL = c(0.300000000000000, 0.544365519185404, 0.159365590643909, 0.0344412150419010, 0.974403772757381, 0.00216267080133992),
  STX = c(0.236646092716399, 0.610482373126055, 0.300000000000000, 0.204551989189265, 0.924379988153660, 0.00261702605697259),
  TEL = c(0.0550393356537871, 0.847800645712404, 0.197197362988068, 0.300000000000000, 0.838821709256199, 0.00798107021860273),
  TRX = c(0.138039184089442, 0.403304635725943, 0.0385106596559777, 0.000850444394225669, 0.912159544889380, 0.00174649132104719),
  TWT = c(0.145642798097519, 0.686258353306920, 0.298408753870678, 0.0343758667710105, 0.975105729623392, 0.000973228164110573),
  UNI = c(0.00740201467606976, 0.982576437258819, 0.0304253381231757, 0.222658489235225, 0.890801413436994, 0.00471048057052997),
  VET = c(0.0798346292915581, 0.824389798757968, 0.300000000000000, 0.0649112489168036, 0.967055569570720, 0.00160280849385996),
  XLM = c(0.0854453044540759, 0.760108867202175, 0.300000000000000, 0.00564579684478699, 0.991650454574398, 0.000336201437133291),
  XMR = c(0.162960420895687, 0.702518746952023, 0.297616268368091, 0.0294275582682932, 0.975937529436924, 0.00104025323919039),
  XRP = c(0.0829580387691746, 0.764987820322938, 0.300000000000000, 0.300000000000000, 0.806888132647986, 0.00344836807036177),
  XTZ = c(0.0207032622365954, 0.945038082959166, 0.106241177398572, 0.300000000000000, 0.844570350860020, 0.00514105101503672),
  ZEC = c(0.0822781918373593, 0.851424356147495, 0.177999477895228, 0.300000000000000, 0.883485924652422, 0.00608214662078795)
)
