est.param.down <- list(
  AAVE = c(0.0570247207375485, 0.918178424895403, 0.128191397637911, 0.0213815135807751, 0.992254144111322, 0.000901621249431352),
  ADA = c(0.000847258915193447, 0.995323617989590, 0.0153457674802329, 0.300000000000000, 0.885025993716740, 0.00492009616878721),
  ALGO = c(0.178329023568151, 0.772800067886725, 0.156712079097133, 0.0312955193543995, 0.983203783950115, 0.00205591768154676),
  AVAX = c(0.00343245340541135, 0.992494977356981, 0.0191760443640910, 0.300000000000000, 0.921541074438183, 0.00426882545243635),
  AXS = c(0.138730838242460, 0.462018738282735, 0.0309816656725148, 0.0358315541066675, 0.856169289628078, 0.00365556667867489),
  BAT = c(0.00865548151448516, 0.990572039049351, 0.000140766378581900, 0.0435205237519128, 0.981707360013086, 0.00224904629060300),
  BCH = c(0.00256850084241912, 0.984164208838815, 0.0426599190372710, 0.300000000000000, 0.840096819613597, 0.00411443437448795),
  BNB = c(0.000962465994770523, 0.979040282427478, 0.0565181650846914, 0.272379479932862, 0.823523535731137, 0.00211926272785604),
  BTC = c(0.00296253587814602, 0.985162399044213, 0.0266902743905101, 0.0757186151237945, 0.914356494409041, 0.00284027123573848),
  CAKE = c(0.00690894466347874, 0.986098042057950, 0.0180105039920553, 0.300000000000000, 0.869942307103888, 0.00501336285547846),
  CRO = c(0.0940874391941299, 0.804604641137292, 0.269455117348571, 0.00773607558738630, 0.991304775932364, 0.000677361209481131),
  CRV = c(0.00313682819872366, 0.992845927772725, 0.0186224105549068, 0.300000000000000, 0.936068666996784, 0.00275658530972660),
  DASH = c(0.00333014573359965, 0.989593285456393, 0.0223370127236039, 0.140524567128932, 0.927170091818696, 0.00437430867379126),
  DCR = c(0.0162182135400729, 0.961079810926214, 0.0626214340735296, 0.287443478500928, 0.867450131152934, 0.00402646746940241),
  DEXE = c(0.0252715781097992, 0.921035099262220, 0.100886155041796, 0.300000000000000, 0.799369740664831, 0.00531125269630676),
  DOGE = c(0.0506122932982459, 0.887084742360047, 0.164820267440865, 0.259343579997669, 0.908215058833234, 0.00100000000000000),
  DOT = c(0.00467897557568389, 0.986772286816395, 0.0352978486386601, 0.300000000000000, 0.904843145083013, 0.00269971952320762),
  ETC = c(0.00346048026965489, 0.983702258809206, 0.0424757049339784, 0.130979408514304, 0.939622003956850, 0.00159335096889285),
  ETH = c(0.00468475506648938, 0.984722180403724, 0.0333443420088697, 0.300000000000000, 0.868260839961215, 0.00361867408686202),
  FET = c(0.103439399184955, 0.882908859773063, 0.0484626644749639, 0.0429642899222598, 0.987906054906111, 0.00133554721801816),
  FIL = c(0.00298494858750449, 0.989007182119274, 0.0243297849479041, 0.300000000000000, 0.858387807873171, 0.00564295897061833),
  GNO = c(0.243584854724728, 0.530342113939917, 0.0493575918826481, 0.160837117732751, 0.783573717558987, 0.00845035755655895),
  GT = c(0.0836508051769855, 0.727573284481074, 0.225274499964599, 0.0363038335741909, 0.929565278496839, 0.000980904418741493),
  HBAR = c(0.00162289480103770, 0.992491444416001, 0.0295974990649780, 0.300000000000000, 0.919856724072408, 0.00350582907628950),
  HNT = c(0.00139064253404301, 0.995410140689117, 0.0185527533234453, 0.300000000000000, 0.935191581551750, 0.00390294641715533),
  INJ = c(0.00297970539476420, 0.993173316569943, 0.0237002447566153, 0.300000000000000, 0.941468068872006, 0.00435733226859901),
  IOTA = c(0.00306562086442088, 0.991652629654729, 0.0264282372714229, 0.300000000000000, 0.925062448672084, 0.00449363010619311),
  JST = c(0.253150735473970, 0.519240918290659, 0.300000000000000, 0.00376945915774764, 0.988596803753999, 0.000773901503078730),
  KCS = c(0.0257514710309902, 0.908233917363167, 0.117970023121237, 0.0856928715241609, 0.891119269793257, 0.00262415547075665),
  LEO = c(0.0219133632145587, 0.857527438723757, 0.163277380231593, 0.0791626060685760, 0.787660383983106, 0.00262946037084359),
  LINK = c(0.00352224953783111, 0.991855030641658, 0.0267067149235772, 0.300000000000000, 0.934502379653769, 0.00466498207424243),
  LTC = c(0.00355869149946896, 0.988121593678660, 0.0207609926559898, 0.118226577929115, 0.916711496172077, 0.00339275101689806),
  MANA = c(0.00392265777091208, 0.989284878907630, 0.0255304964418711, 0.300000000000000, 0.888474084327552, 0.00625086362401553),
  NEAR = c(0.300000000000000, 0.693211759373927, 0.0607031201559920, 0.258860451076950, 0.940913039433855, 0.00770524546699874),
  NEO = c(0.00217818231883281, 0.991597096987735, 0.0200836476929058, 0.300000000000000, 0.837487704092778, 0.00789813976913450),
  OKB = c(0.00583243093493088, 0.953218869909150, 0.109883816764870, 0.300000000000000, 0.787291845350580, 0.00369055087065793),
  QNT = c(0.00233615812545813, 0.992118138034401, 0.0201047609656916, 0.300000000000000, 0.859960216864405, 0.00481980976624137),
  RNDR = c(0.172907118109056, 0.777746815320846, 0.115604881158748, 0.131020290900893, 0.958358228591003, 0.00332220477746518),
  SOL = c(0.000684904865762889, 0.996655191102285, 0.0137165529182480, 0.300000000000000, 0.924826769813802, 0.00249509757279485),
  STX = c(0.000137953921608183, 0.997766602278164, 0.0116487070348567, 0.268304789780324, 0.948026939221740, 0.00275743439381118),
  TEL = c(0.0564952238291650, 0.927798520203028, 0.104268725023482, 0.239726998154748, 0.961288068369261, 0.00228298084091918),
  TRX = c(0, 0.941651993638649, 0.143379612647423, 0.244266525670891, 0.760604936635263, 0.00149698310623848),
  TWT = c(0.0593718836747546, 0.900927891134492, 0.0963006361561457, 0.0203221138336083, 0.988394252773363, 0.000639090982502990),
  UNI = c(0.123168099784758, 0.830224511002596, 0.133246265955295, 0.00910873215741843, 0.994011250270026, 0.000665791359224697),
  VET = c(0.00384822848749188, 0.990662288357815, 0.0245225726132648, 0.300000000000000, 0.915113490550414, 0.00429012145940805),
  XLM = c(0.0379801766502520, 0.930885169932694, 0.0954989158170460, 0.00873693492109377, 0.993700702042947, 0.000420024843291988),
  XMR = c(0.0521341315030868, 0.887764218954789, 0.140637659554672, 0.00930354498608619, 0.991768842952452, 0.000473628248923497),
  XRP = c(0.0126223510870160, 0.962681714391601, 0.0735553519533849, 0.300000000000000, 0.869749544208146, 0.00328432521027394),
  XTZ = c(0.0130027685108690, 0.977404443219921, 0.0264413295231307, 0.0170970357689463, 0.985852778490002, 0.00148111891218980),
  ZEC = c(0.0110733259013981, 0.979179126353309, 0.0364758357206186, 0.122236242641001, 0.963288369854046, 0.00201660525617358)
)
