est.param.up <- list(
  AXS = c(0.208917375936541, 0.653265436837456, 0.207430123050766, 0.00213239358487346, 0.952339702170997, 0.00490967819689703),
  BAT = c(0.186826276045669, 0.694914884004766, 0.300000000000000, 0.0617546283855795, 0.938605602439729, 0.00487787626190434),
  BDX = c(0, 0.401209586640979, 0.0000100000000000000, 0.00358290514105211, 0.403077704635288, 0.000690760305066759),
  CAKE = c(0.0969722781785061, 0.781223445784055, 0.300000000000000, 0.300000000000000, 0.717444940996572, 0.0176197838042837),
  CRV = c(0.0566700166144670, 0.938437609229724, 0.0000100000000000000, 0.145688691033655, 0.920468942856764, 0.0128370723902663),
  DASH = c(0.162341048749576, 0.670727237369697, 0.124012756718448, 0.00247852961726042, 0.931250769215356, 0.00397153784910193),
  DCR = c(0.179327920807540, 0.689289983379198, 0.0771315050341009, 0.0716254284856880, 0.908550007664119, 0.00434055134178283),
  DEXE = c(0.137674065962829, 0.551543866514014, 0.195544305949010, 0.0237754170027105, 0.920186008557170, 0.00188312975464063),
  FET = c(0.300000000000000, 0.604756448696788, 0.240320961492042, 0.0699508132310424, 0.931874432958992, 0.0105882838604632),
  GNO = c(0.0116398456608985, 0.982586620978613, 0.0230200127910626, 0.300000000000000, 0.851255357138577, 0.0192995567071514),
  HNT = c(0.255834827246105, 0.489622127666679, 0.0000100000000000000, 0.117771202894550, 0.598501282156558, 0.0277932554560733),
  INJ = c(0.300000000000000, 0.678685942659678, 0.227839210452076, 0.300000000000000, 0.941376548791337, 0.0107054285538586),
  IOTA = c(0.300000000000000, 0.598936971122780, 0.0000100000000000000, 0.0863912887572982, 0.868547554369770, 0.0126323944338595),
  JST = c(0.173000801239510, 0.608618501203005, 0.0000100000000000000, 0.0148948584298893, 0.732392315570926, 0.0105285944926661),
  MANA = c(0.0605385629993292, 0.886223775208534, 0.231408771913990, 0.151427005147216, 0.961547450668766, 0.00209676178506306),
  NEO = c(0.0760608024534585, 0.882485751620167, 0.235316518381196, 0.0918607337748461, 0.976585486438141, 0.00151692025529935),
  STX = c(0.242256181884415, 0.685376010637117, 0.300000000000000, 0.300000000000000, 0.925305524326331, 0.00605950372654231),
  TEL = c(0.0797166931585079, 0.860621710188869, 0.0951735040994142, 0.300000000000000, 0.756862268809225, 0.0258216146877387),
  TWT = c(0.239131675403026, 0.624420200053027, 0.283199216109413, 0.0802035534546845, 0.947765164066646, 0.00430330188794095),
  XTZ = c(0.0427314090557309, 0.922550009124417, 0.0883938407942661, 0.221648519412632, 0.785293310324957, 0.0146432927077019)
)
